0 0.986719 0.700781 0.026562 0.035937
0 0.985938 0.950000 0.028125 0.037500
1 0.690625 0.671875 0.028125 0.037500
1 0.857812 0.506250 0.028125 0.037500
2 0.492188 0.134375 0.028125 0.037500
2 0.319531 0.307031 0.032813 0.035937
3 0.064062 0.019531 0.028125 0.035937
3 0.332813 0.019531 0.031250 0.035937
4 0.016406 0.072656 0.029687 0.039062
4 0.015625 0.284375 0.028125 0.037500
5 0.137500 0.485938 0.031250 0.037500
5 0.304688 0.328125 0.031250 0.037500
6 0.503125 0.854688 0.031250 0.037500
6 0.673438 0.682813 0.031250 0.037500
7 0.935937 0.981250 0.031250 0.037500
7 0.664062 0.981250 0.031250 0.037500
8 0.261719 0.981250 0.032813 0.037500
8 0.063281 0.981250 0.032813 0.037500
9 0.317969 0.684375 0.032813 0.037500
9 0.487500 0.853125 0.031250 0.037500
10 0.692187 0.315625 0.031250 0.037500
10 0.856250 0.481250 0.031250 0.037500
11 0.982031 0.307812 0.032813 0.037500
11 0.983594 0.064844 0.032813 0.039062
12 0.924219 0.019531 0.032813 0.035937
12 0.732031 0.019531 0.032813 0.035937
13 0.508594 0.135937 0.032813 0.037500
13 0.683594 0.304688 0.032813 0.037500
14 0.311719 0.675000 0.032813 0.037500
14 0.138281 0.506250 0.032813 0.037500
15 0.016406 0.668750 0.029687 0.037500
15 0.016406 0.931250 0.029687 0.037500
