0 0.527344 0.978906 0.035937 0.039062
0 0.719531 0.978906 0.035937 0.039062
1 0.741406 0.710156 0.035937 0.039062
1 0.499219 0.713281 0.035937 0.039062
2 0.742969 0.335156 0.035937 0.039062
2 0.497656 0.333594 0.035937 0.039062
3 0.502344 0.020313 0.035937 0.037500
3 0.735156 0.020313 0.035937 0.037500
4 0.477344 0.020313 0.035937 0.037500
4 0.278906 0.020313 0.035937 0.037500
5 0.258594 0.332031 0.035937 0.039062
5 0.491406 0.333594 0.035937 0.039062
6 0.491406 0.711719 0.035937 0.039062
6 0.258594 0.716406 0.035937 0.039062
7 0.257031 0.980469 0.035937 0.039062
7 0.499219 0.980469 0.035937 0.039062
