0 0.974219 0.682031 0.051562 0.051562
0 0.974219 0.900781 0.051562 0.051562
1 0.689844 0.677344 0.051562 0.051562
1 0.857031 0.507031 0.051562 0.051562
2 0.675781 0.685156 0.051562 0.051562
2 0.511719 0.855469 0.051562 0.051562
3 0.674219 0.974219 0.051562 0.051562
3 0.913281 0.974219 0.051562 0.051562
4 0.307812 0.974219 0.053125 0.051562
4 0.060937 0.974219 0.053125 0.051562
5 0.317188 0.691406 0.053125 0.051562
5 0.485156 0.850781 0.051562 0.051562
6 0.700781 0.316406 0.051562 0.051562
6 0.852344 0.467969 0.051562 0.051562
7 0.974219 0.305469 0.051562 0.051562
7 0.974219 0.071875 0.051562 0.053125
8 0.917969 0.026562 0.051562 0.050000
8 0.686719 0.026562 0.051562 0.050000
9 0.510156 0.138281 0.051562 0.051562
9 0.680469 0.300781 0.051562 0.051562
10 0.303125 0.677344 0.053125 0.051562
10 0.134375 0.510156 0.053125 0.051562
11 0.026562 0.667969 0.050000 0.051562
11 0.026562 0.922656 0.050000 0.051562
