0 0.975781 0.910156 0.035937 0.039062
0 0.982031 0.549219 0.035937 0.039062
1 0.850781 0.366406 0.035937 0.039062
1 0.664062 0.661719 0.040625 0.042188
2 0.658594 0.169531 0.035937 0.039062
2 0.388281 0.389844 0.035937 0.039062
3 0.076563 0.019531 0.037500 0.035937
3 0.466406 0.019531 0.035937 0.035937
4 0.018750 0.084375 0.034375 0.037500
4 0.018750 0.445312 0.034375 0.037500
5 0.130469 0.621094 0.035937 0.039062
5 0.350000 0.350781 0.037500 0.039062
6 0.599219 0.605469 0.035937 0.039062
6 0.360156 0.847656 0.035937 0.039062
7 0.572656 0.980469 0.035937 0.039062
7 0.910156 0.980469 0.035937 0.039062
