0 0.517969 0.974219 0.051562 0.051562
0 0.725781 0.974219 0.051562 0.051562
1 0.736719 0.755469 0.051562 0.051562
1 0.510156 0.753906 0.051562 0.051562
2 0.489844 0.753906 0.051562 0.051562
2 0.254688 0.764844 0.053125 0.051562
3 0.492969 0.974219 0.051562 0.051562
3 0.257812 0.974219 0.053125 0.051562
4 0.027344 0.524219 0.051562 0.051562
4 0.027344 0.722656 0.051562 0.051562
5 0.240625 0.516406 0.053125 0.051562
5 0.235937 0.727344 0.053125 0.051562
6 0.752344 0.500781 0.051562 0.051562
6 0.757031 0.732031 0.051562 0.051562
7 0.974219 0.735156 0.051562 0.051562
7 0.974219 0.504687 0.051562 0.053125
8 0.974219 0.296875 0.051562 0.050000
8 0.974219 0.457813 0.051562 0.050000
9 0.757031 0.264844 0.051562 0.051562
9 0.757031 0.472656 0.051562 0.051562
10 0.242188 0.266406 0.053125 0.051562
10 0.246875 0.491406 0.053125 0.051562
11 0.025781 0.260156 0.048438 0.051562
11 0.025781 0.488281 0.048438 0.051562
