0 0.527344 0.974219 0.051562 0.051562
0 0.711719 0.974219 0.051562 0.051562
1 0.738281 0.510156 0.051562 0.051562
1 0.510156 0.502344 0.051562 0.051562
2 0.489844 0.500781 0.051562 0.060937
2 0.250000 0.499219 0.053125 0.051562
3 0.492969 0.974219 0.051562 0.051562
3 0.257812 0.974219 0.053125 0.051562
4 0.026562 0.278906 0.050000 0.051562
4 0.026562 0.441406 0.050000 0.051562
5 0.242188 0.247656 0.053125 0.051562
5 0.245312 0.480469 0.053125 0.051562
6 0.752344 0.253906 0.051562 0.051562
6 0.757031 0.472656 0.051562 0.051562
7 0.974219 0.453906 0.051562 0.051562
7 0.971094 0.264062 0.051562 0.053125
8 0.974219 0.044531 0.051562 0.051562
8 0.972656 0.190625 0.051562 0.050000
9 0.750781 0.026562 0.051562 0.050000
9 0.752344 0.228906 0.051562 0.051562
10 0.239063 0.026562 0.053125 0.050000
10 0.243750 0.230469 0.053125 0.051562
11 0.025000 0.026562 0.046875 0.050000
11 0.025000 0.228906 0.046875 0.051562
