0 0.537500 0.985938 0.050000 0.021875
0 0.717969 0.986719 0.048438 0.023438
1 0.745313 0.753125 0.050000 0.021875
1 0.509375 0.754687 0.050000 0.021875
2 0.509375 0.248438 0.050000 0.021875
2 0.743750 0.248438 0.050000 0.021875
3 0.712500 0.012500 0.050000 0.021875
3 0.537500 0.012500 0.050000 0.021875
4 0.462500 0.014063 0.050000 0.021875
4 0.284375 0.014063 0.050000 0.021875
5 0.256250 0.248438 0.050000 0.021875
5 0.492188 0.248438 0.050000 0.021875
6 0.253125 0.751563 0.050000 0.021875
6 0.493750 0.754687 0.050000 0.021875
7 0.464062 0.987500 0.050000 0.021875
7 0.281250 0.989062 0.050000 0.021875
8 0.015625 0.713281 0.028125 0.048438
8 0.015625 0.528906 0.028125 0.048438
9 0.240625 0.507031 0.028125 0.048438
9 0.240625 0.738281 0.028125 0.048438
10 0.756250 0.739844 0.028125 0.048438
10 0.756250 0.507031 0.028125 0.048438
11 0.985938 0.535156 0.028125 0.048438
11 0.985938 0.711719 0.028125 0.048438
12 0.985938 0.460156 0.028125 0.048438
12 0.985938 0.289844 0.028125 0.048438
13 0.757812 0.261719 0.028125 0.048438
13 0.754687 0.489844 0.028125 0.048438
14 0.241406 0.260156 0.029687 0.048438
14 0.239844 0.492969 0.029687 0.048438
15 0.014844 0.467969 0.026562 0.048438
15 0.014844 0.288281 0.026562 0.048438
